1.7999008 370 6.7581
1.8912001 250 8.1078
1.7763212 327 6.5772
1.7403288 214 6.1421
1.6500156 300 5.4013
1.7035924 122 5.5956
1.8739533 235 8.219
1.7010552 236 6.372
1.6156889 316 4.8934
1.7537306 259 6.1476
1.7551351 267 6.368
1.7431729 285 7.1074
1.7496951 228 6.1869
1.5945634 229 4.7075
1.5171509 186 4.075
1.6996191 346 5.8147
1.7803529 305 6.5696
1.7474976 261 6.8101
1.6627824 75 5.2047
1.725278 324 6.2815
1.6662137 252 5.6224
1.7824481 243 6.6277
1.8093188 310 7.0803
1.7132834 324 5.9855
1.7345416 217 6.6056
1.7455939 256 6.0414
1.519602 204 4.1973
1.6133345 316 5.0017
1.806604 368 7.189
1.7701075 267 6.6915
1.5512622 238 4.3061
1.5820453 314 4.7589
1.8270223 265 7.4494
1.8167675 151 6.784
1.7307593 165 6.1132
1.8080177 220 7.1649
1.7142501 276 6.2808
1.7330827 295 6.1592
1.7174406 275 5.8204
1.930499 285 8.6256
1.7405608 275 6.626
1.7153669 257 6.0554
1.8224585 189 6.9188
1.6265054 267 5.2012
1.73489 190 6.21
1.7840577 292 6.6908
1.7027634 219 6.0037
1.6552673 220 5.8235
1.8378212 255 7.4972
1.5999936 202 5.1325
1.811622 334 7.0213
1.6392298 187 5.3647
1.8001155 255 6.8459
1.668086 269 5.5943
1.8573603 183 7.9022
1.6801318 176 5.3037
1.7182961 236 6.1584
1.6462436 222 5.0043
1.7776225 275 6.2221
1.8097975 302 6.9317
1.6487553 254 5.4256
1.7877736 162 6.8075
1.8373968 356 7.47
1.7023416 330 6.111
1.6758816 334 5.6869
1.8460648 243 7.7282
1.682058 233 5.5248
1.8478252 333 7.439
1.8370262 249 7.7412
1.8530703 289 8.0065
1.8899405 233 8.306
1.8364393 395 7.516
1.6881403 344 5.984
1.9975277 266 9.5416
1.7613178 231 6.6661
1.8570569 256 7.4457
1.8147174 236 6.7023
1.6618308 188 5.6303
1.7707735 354 6.5167
1.8464854 354 7.6002
1.7080103 374 5.9884
1.7901894 272 6.7803
1.7797256 325 7.1335
1.8026641 330 6.914
1.632381 243 5.1738
1.5751767 230 4.7304
1.7207186 252 6.5776
1.8463631 298 7.5554
1.7607268 172 6.6066
1.8283773 245 7.116
1.6859542 311 5.4694
1.8147201 188 7.6325
1.6681337 221 5.4797
1.7469066 245 6.5719
1.7921497 219 6.8014
1.8423672 273 7.3493
1.5443698 254 4.068
1.6961567 247 5.378
1.7609308 186 6.468
1.661825 239 5.5073
1.7443689 338 6.0823
1.8297396 658 7.0801
1.7788119 2508 6.3069
1.7935991 196 6.8241
1.8567565 211 7.5868
1.6832726 269 5.4886
1.8159964 2797 6.8703
1.6313463 1633 5.0937
0.13092842 1 0.3848
2.0535654 2632 5.3116
1.8124698 1939 3.5111
2.2155596 2203 6.8186
1.7489679 1475 3.2618
1.5705742 202 4.752
1.6197792 194 4.829
