2.0047546 5 4.7631
2.0705206 5 5.1741
1.9980837 5 4.6668
2.3239516 5 7.6753
1.9651489 5 4.4734
2.0730671 5 5.3405
1.9408451 5 4.2741
4.0648576 5 28.111
1.958281 5 4.5691
2.321496 4 7.4035
2.0913177 4 5.5053
2.6097387 6 9.9403
2.1491638 5 5.8769
2.0369882 5 5.057
2.6319868 6 10.601
1.9446769 5 4.342
2.8344966 5 12.056
1.9124274 5 4.1749
2.0233515 5 5.114
1.9742385 5 4.5485
2.0670504 5 5.2217
2.4774254 5 8.4254
2.0041947 4 4.9019
2.1460589 5 5.8085
2.2464924 5 6.7927
1.9740761 5 4.6019
2.0288135 5 4.9127
2.5864368 6 9.2956
1.9805424 5 4.48
2.5030147 5 9.0918
2.1016641 5 5.7044
2.7405128 6 11.58
2.1724622 5 6.1708
1.9688394 5 4.5071
2.1513001 5 5.891
1.9798749 5 4.6005
2.0664602 5 5.3671
2.1289815 5 5.778
2.1168063 5 5.7448
1.9549923 4 4.483
2.1598364 5 6.1214
1.9676622 5 4.4808
1.9300839 5 4.3466
2.0192316 5 4.8364
2.0101761 4 5.1145
2.3581437 6 7.5482
2.2095753 5 6.5954
1.8762995 5 3.9492
3.9678595 7 26.332
2.1662628 5 6.0389
2.07024 5 5.165
2.0259258 5 4.9941
2.0940893 5 5.3138
1.9893177 5 4.7166
2.1605753 5 6.0797
2.0295814 5 4.9345
2.0481862 5 5.1549
9.6871843 6 184.435
2.0709159 5 5.0413
2.2252859 5 6.6885
2.0432829 5 5.0763
2.0853147 5 5.4919
2.5377827 5 9.4273
2.0936138 5 5.5177
2.3841769 5 7.9441
2.2618631 4 7.1148
1.9775374 5 4.4357
2.4862801 5 8.8892
2.0606772 5 5.2287
2.2432786 5 6.9091
2.0342769 5 5.147
1.9610016 5 4.3655
1.9956527 5 4.7179
2.0754698 5 5.4084
2.2982085 5 7.1826
1.8387593 5 3.5988
1.9242442 5 4.249
2.1238926 5 5.7793
1.8215299 4 3.637
2.7653546 6 11.793
2.3933527 5 8.0481
2.0901117 5 5.4591
2.1266959 5 5.7317
2.1476606 5 5.7134
1.9161461 4 4.292
2.0687209 5 5.3362
2.0217241 5 4.8698
1.9532638 6 4.4271
2.3196793 5 7.3875
2.2937295 5 6.9811
1.9140631 5 4.1823
2.0457633 5 5.1581
2.0939961 5 5.4944
1.938324 5 4.3391
1.8705441 5 4.1169
2.0983373 5 5.4965
2.015656 5 4.86
1.9315814 5 4.3713
2.1675852 5 6.237
1.9589814 5 4.55
1.8368649 5 3.6396
1.9773788 5 4.563
1.9282401 5 4.2749
3.4670132 6 19.632
2.1528686 5 5.8052
1.9224862 5 4.2061
0.71264545 3 0.14894
1173.8601 3 2983267.9
2.0352654 5 5.165
2.087307 5 5.3766
